DATA_TREE_BEGIN=DcmRegionInfo
	DcmRegionNum=1
	DATA_TREE_BEGIN=DcmRegion0
		DataType=1
		Flags=1
		PhyDeltaX=0.0050050219653109
		PhyDeltaY=0.0050050219653109
		PhyUnitsX=3
		PhyUnitsY=3
		PhyValueVirX=2.0000000000000000
		PhyValueVirY=0.0000000000000000
		SpatialFormat=1
		VirRefAvail=1
		VirX=550
		VirY=0
		X0=333
		X1=1433
		Y0=150
		Y1=890
		bColorFlag=0
		bContrastImgInUse=0
		strExamName=QA preset 7l4b
		strProbeName=7L4B
	DATA_TREE_END=DcmRegion0
DATA_TREE_END=DcmRegionInfo
